	NC_006577.2	MK167038.1	MH940245.1	KT779555.1	KT779556.1	KF686340.1	KF686341.1	KF686342.1	KF686343.1	KF686344.1	KF686346.1	KF430201.1	HM034837.1	AY884001.1	DQ339101.1	DQ415896.1	DQ415897.1	DQ415898.1	DQ415899.1	DQ415900.1	NC_019843.3	MT387202.1	MN723542.1	MN723543.1	MN723544.1	MN365232.1	MN365233.1	MN120513.1	MN120514.1	MK796425.1	MH029552.1	MK462243.1	MK462244.1	MK462245.1	MK462246.1	MK462247.1	MK462248.1	MK462249.1	MK462250.1	MK462251.1	MT611448.1	MT675938.1	MT675941.1	MT675942.1	MT675950.1	MT675951.1	MT675958.1	MT676289.1	MT670022.1	MT670023.1	MT671813.1	MT671817.1	MT664109.1	MT664117.1	MT664171.1	MT664202.1	MT664205.1	MT664729.1	MT664822.1	MT664986.1	MN369046.1	MN306046.1	MF542265.1	KY983587.1	KY621348.1	KY967357.1	KY674919.1	KY684760.1	KY369908.1	KY369909.2	KY369910.1	KY369911.1	KY369912.1	KY369913.1	KY369914.1	KU291448.1	KF514430.1	KF514432.1	KF514433.1	JX503060.1	MK334043.1	MK334044.1	MK334045.1	MK334046.1	MK334047.1	MG428699.1	MG428701.1	MG428702.1	MG428703.1	MG428704.1	MG428705.1	MG428706.1	MG772808.1	KY829118.1	KY554967.1	KY554968.1	KY554969.1	KY554970.1	KY554971.1	KY674915.1	MN306041.1	MN306042.1	MN306053.1	MN026164.1	MG977451.1	MF314143.1	KY014281.1	KY014282.1	MF374983.2	MF374985.2	KY983583.1	KY983585.1	KY967358.1	KY967360.1	KY554972.1	KY554973.1	KY554974.1	KY554975.1	KY674917.1	KY674918.1	NC_004718.3	MK062179.1	MK062180.1	MK062181.1	MK062182.1	MK062183.1	MK062184.1	KF514388.1	KF514389.1	KF514390.1	KF514391.1	KF514392.1	KF514393.1	KF514394.1	KF514395.1	KF514396.1	KF514397.1	KF514398.1	KF514399.1	KF514400.1
NC_006577.2	5000.0	4480.0	4462.0	4946.0	4946.0	4645.0	4648.0	4648.0	4654.0	4789.0	4648.0	4648.0	4606.0	4462.0	4471.0	4955.0	4471.0	4462.0	4471.0	4973.0	1070.0	1079.0	1085.0	1085.0	1080.5	1087.5	1087.5	1069.5	1067.0	1079.0	1090.0	1091.0	1091.0	1091.0	1091.0	1087.5	1087.5	1087.5	1089.5	1085.0	967.5	992.5	992.5	995.0	997.0	1000.5	1005.5	1000.5	1028.0	1028.0	959.5	959.5	959.5	985.0	959.5	1005.5	992.5	1004.5	992.5	997.0	982.0	975.0	971.0	983.0	1000.0	953.5	963.5	996.5	981.5	984.0	998.0	998.0	995.5	954.5	987.5	1009.0	972.5	960.5	984.5	980.0	937.5	949.5	993.5	1016.5	1005.5	1023.0	1016.0	875.5	996.0	971.5	1006.5	944.0	1015.5	989.0	1003.0	1003.0	989.0	1003.0	979.0	919.5	2217.0	2226.5	2226.5	2229.0	2248.0	2204.5	2097.5	2039.5	2223.5	2186.5	2177.5	2117.0	2189.0	2125.0	2234.0	2256.0	2249.5	2099.0	1888.0	1993.0	1021.0	1066.5	1066.5	1066.5	1066.5	1066.5	1066.5	1046.0	1046.0	1046.0	1046.0	1046.0	1046.0	1046.0	1046.0	1046.0	1046.0	1046.0	1046.0	1046.0
MK167038.1	4480.0	5000.0	4964.0	4480.0	4480.0	4458.0	4461.0	4461.0	4467.0	4323.0	4461.0	4461.0	4437.0	4964.0	4955.0	4507.0	4955.0	4946.0	4955.0	4471.0	1078.0	1087.0	1094.0	1094.0	1089.5	1094.0	1094.0	1079.0	1085.5	1087.0	1089.5	1100.0	1100.0	1100.0	1100.0	1097.0	1097.0	1097.0	1091.0	1091.0	928.5	942.5	942.5	950.5	947.0	941.0	955.5	941.0	968.5	968.5	920.5	920.5	920.5	935.0	920.5	955.5	942.5	945.0	942.5	947.0	972.5	961.0	958.0	982.5	996.5	947.5	964.0	983.5	978.0	980.5	995.0	995.0	981.5	955.0	974.5	976.5	959.0	959.5	980.0	969.5	978.0	998.0	1032.0	1059.5	1049.5	1050.5	1043.5	877.5	1005.0	957.5	1044.5	953.0	1051.5	1038.5	1042.0	1042.0	1038.5	1042.0	1028.5	919.5	2122.5	2132.0	2132.0	2141.0	2153.5	2112.5	2012.5	1947.0	2147.0	2092.0	2083.0	2022.5	2076.5	2033.0	2124.0	2146.0	2144.5	1993.0	1768.0	1864.5	954.0	1013.0	1013.0	1013.0	1013.0	1013.0	1013.0	986.5	986.5	986.5	986.5	986.5	986.5	986.5	986.5	986.5	986.5	986.5	986.5	986.5
MH940245.1	4462.0	4964.0	5000.0	4462.0	4462.0	4440.0	4443.0	4443.0	4449.0	4305.0	4443.0	4443.0	4419.0	5000.0	4973.0	4489.0	4973.0	4964.0	4973.0	4453.0	1075.5	1084.5	1091.5	1091.5	1087.0	1091.5	1091.5	1076.5	1083.0	1084.5	1087.0	1097.5	1097.5	1097.5	1097.5	1094.5	1094.5	1094.5	1088.5	1088.5	929.0	954.0	954.0	962.0	954.5	941.5	956.0	941.5	969.0	969.0	921.0	921.0	921.0	942.5	921.0	963.0	954.0	945.5	954.0	954.5	966.0	954.5	955.0	985.5	999.5	950.5	967.0	980.5	981.0	983.5	998.0	998.0	978.5	958.0	971.5	970.5	962.0	962.5	983.0	972.5	967.0	987.0	1021.0	1048.5	1038.5	1048.5	1041.5	872.5	1003.0	957.5	1034.0	939.0	1040.5	1029.5	1031.0	1031.0	1029.5	1031.0	1019.5	914.5	2116.5	2126.0	2126.0	2135.0	2147.5	2106.5	2006.5	1941.0	2141.0	2086.0	2077.0	2016.5	2088.5	2027.0	2118.0	2140.0	2138.5	1987.0	1759.0	1855.5	936.5	995.5	995.5	995.5	995.5	995.5	995.5	976.5	976.5	976.5	976.5	976.5	976.5	976.5	976.5	976.5	976.5	976.5	976.5	976.5
KT779555.1	4946.0	4480.0	4462.0	5000.0	5000.0	4609.0	4612.0	4612.0	4618.0	4843.0	4612.0	4612.0	4570.0	4462.0	4471.0	4973.0	4471.0	4462.0	4471.0	4973.0	1063.5	1072.5	1078.5	1078.5	1074.0	1081.0	1081.0	1063.0	1060.0	1072.5	1083.5	1084.5	1084.5	1084.5	1084.5	1081.0	1081.0	1081.0	1083.0	1078.5	952.5	972.5	972.5	975.0	977.0	980.5	987.5	980.5	1008.0	1008.0	944.5	944.5	944.5	965.0	944.5	985.5	972.5	984.5	972.5	977.0	973.5	967.0	962.5	974.5	991.5	945.0	953.0	988.0	973.0	975.5	994.5	994.5	985.5	944.0	979.0	986.0	964.0	952.0	976.0	970.0	929.0	949.5	985.0	1012.0	996.0	1009.0	1002.0	870.0	982.5	964.5	1005.5	922.5	1010.5	980.5	1004.0	1004.0	980.5	1004.0	970.5	919.5	2199.0	2208.5	2208.5	2211.0	2230.0	2180.0	2073.0	2015.0	2205.5	2168.5	2159.5	2099.0	2171.0	2100.5	2216.0	2238.0	2231.5	2081.0	1870.0	1975.0	996.0	1038.5	1038.5	1038.5	1038.5	1038.5	1038.5	1018.0	1018.0	1018.0	1018.0	1018.0	1018.0	1018.0	1018.0	1018.0	1018.0	1018.0	1018.0	1018.0
KT779556.1	4946.0	4480.0	4462.0	5000.0	5000.0	4609.0	4612.0	4612.0	4618.0	4843.0	4612.0	4612.0	4570.0	4462.0	4471.0	4973.0	4471.0	4462.0	4471.0	4973.0	1063.5	1072.5	1078.5	1078.5	1074.0	1081.0	1081.0	1063.0	1060.0	1072.5	1083.5	1084.5	1084.5	1084.5	1084.5	1081.0	1081.0	1081.0	1083.0	1078.5	952.5	972.5	972.5	975.0	977.0	980.5	987.5	980.5	1008.0	1008.0	944.5	944.5	944.5	965.0	944.5	985.5	972.5	984.5	972.5	977.0	973.5	967.0	962.5	974.5	991.5	945.0	953.0	988.0	973.0	975.5	994.5	994.5	985.5	944.0	979.0	986.0	964.0	952.0	976.0	970.0	929.0	949.5	985.0	1012.0	996.0	1009.0	1002.0	870.0	982.5	964.5	1005.5	922.5	1010.5	980.5	1004.0	1004.0	980.5	1004.0	970.5	919.5	2199.0	2208.5	2208.5	2211.0	2230.0	2180.0	2073.0	2015.0	2205.5	2168.5	2159.5	2099.0	2171.0	2100.5	2216.0	2238.0	2231.5	2081.0	1870.0	1975.0	996.0	1038.5	1038.5	1038.5	1038.5	1038.5	1038.5	1018.0	1018.0	1018.0	1018.0	1018.0	1018.0	1018.0	1018.0	1018.0	1018.0	1018.0	1018.0	1018.0
KF686340.1	4645.0	4458.0	4440.0	4609.0	4609.0	5000.0	4966.0	4966.0	4991.0	4766.0	4966.0	4966.0	4906.0	4440.0	4449.0	4636.0	4449.0	4440.0	4449.0	4636.0	1119.0	1118.0	1117.0	1117.0	1114.0	1123.0	1123.0	1108.0	1113.5	1118.0	1121.0	1129.0	1129.0	1129.0	1129.0	1126.0	1126.0	1126.0	1126.0	1122.0	920.0	983.0	983.0	991.0	960.0	957.0	947.0	957.0	972.0	972.0	909.0	909.0	909.0	951.5	909.0	965.5	983.0	959.5	983.0	960.0	981.0	977.5	976.5	996.5	989.0	944.5	948.0	993.0	985.5	993.0	994.5	994.5	986.0	945.5	986.5	1011.5	1006.5	975.0	1005.0	976.0	985.5	1003.0	1034.0	1035.0	1031.5	1041.0	1040.5	869.5	992.0	973.0	1020.0	938.0	1027.5	1015.5	1025.5	1025.5	1015.5	1025.5	1024.0	892.0	2145.5	2121.5	2121.5	2141.5	2133.0	2100.0	2102.5	2088.5	2136.5	2160.0	2162.0	2125.5	2169.0	2126.0	2150.0	2141.0	2134.5	2112.5	1923.5	2044.5	964.5	988.0	988.0	988.0	988.0	988.0	988.0	1026.0	1026.0	1026.0	1026.0	1026.0	1026.0	1026.0	1026.0	1026.0	1026.0	1026.0	1026.0	1026.0
KF686341.1	4648.0	4461.0	4443.0	4612.0	4612.0	4966.0	5000.0	5000.0	4975.0	4750.0	5000.0	5000.0	4921.0	4443.0	4452.0	4639.0	4452.0	4443.0	4452.0	4639.0	1111.0	1106.5	1110.5	1110.5	1107.5	1126.0	1126.0	1111.0	1116.5	1106.5	1112.5	1132.0	1132.0	1132.0	1132.0	1129.0	1129.0	1129.0	1129.0	1123.0	911.0	977.5	977.5	987.5	951.5	947.5	941.0	947.5	969.5	969.5	896.0	896.0	896.0	942.5	896.0	957.0	977.5	951.0	977.5	951.5	974.5	971.0	969.5	986.5	983.5	946.5	947.0	995.5	979.5	983.0	1002.5	1002.5	979.0	944.5	978.0	1008.5	1003.5	971.5	1010.5	969.0	979.0	996.5	1026.0	1031.0	1027.5	1033.5	1046.5	849.5	988.5	989.0	1006.5	932.5	1019.0	1007.5	1018.5	1018.5	1007.5	1018.5	1023.5	898.0	2139.5	2117.5	2117.5	2135.5	2127.0	2094.0	2117.0	2073.0	2130.5	2153.5	2153.5	2125.0	2162.5	2135.5	2144.0	2135.0	2128.5	2103.5	1921.0	2050.5	948.5	971.0	971.0	971.0	971.0	971.0	971.0	1004.0	1004.0	1004.0	1004.0	1004.0	1004.0	1004.0	1004.0	1004.0	1004.0	1004.0	1004.0	1004.0
KF686342.1	4648.0	4461.0	4443.0	4612.0	4612.0	4966.0	5000.0	5000.0	4975.0	4750.0	5000.0	5000.0	4921.0	4443.0	4452.0	4639.0	4452.0	4443.0	4452.0	4639.0	1111.0	1106.5	1110.5	1110.5	1107.5	1126.0	1126.0	1111.0	1116.5	1106.5	1112.5	1132.0	1132.0	1132.0	1132.0	1129.0	1129.0	1129.0	1129.0	1123.0	911.0	977.5	977.5	987.5	951.5	947.5	941.0	947.5	969.5	969.5	896.0	896.0	896.0	942.5	896.0	957.0	977.5	951.0	977.5	951.5	974.5	971.0	969.5	986.5	983.5	946.5	947.0	995.5	979.5	983.0	1002.5	1002.5	979.0	944.5	978.0	1008.5	1003.5	971.5	1010.5	969.0	979.0	996.5	1026.0	1031.0	1027.5	1033.5	1046.5	849.5	988.5	989.0	1006.5	932.5	1019.0	1007.5	1018.5	1018.5	1007.5	1018.5	1023.5	898.0	2139.5	2117.5	2117.5	2135.5	2127.0	2094.0	2117.0	2073.0	2130.5	2153.5	2153.5	2125.0	2162.5	2135.5	2144.0	2135.0	2128.5	2103.5	1921.0	2050.5	948.5	971.0	971.0	971.0	971.0	971.0	971.0	1004.0	1004.0	1004.0	1004.0	1004.0	1004.0	1004.0	1004.0	1004.0	1004.0	1004.0	1004.0	1004.0
KF686343.1	4654.0	4467.0	4449.0	4618.0	4618.0	4991.0	4975.0	4975.0	5000.0	4775.0	4975.0	4975.0	4915.0	4449.0	4458.0	4645.0	4458.0	4449.0	4458.0	4645.0	1117.0	1116.0	1117.0	1117.0	1114.0	1123.0	1123.0	1108.0	1113.5	1116.0	1119.0	1129.0	1129.0	1129.0	1129.0	1126.0	1126.0	1126.0	1126.0	1120.0	911.0	974.0	974.0	982.0	951.0	948.0	938.0	948.0	963.0	963.0	900.0	900.0	900.0	942.5	900.0	956.5	974.0	950.5	974.0	951.0	980.5	977.0	976.0	996.0	988.5	947.0	947.5	992.5	985.0	992.5	994.0	994.0	985.5	945.0	986.0	1011.0	1006.5	974.5	1004.5	975.5	976.5	994.0	1025.0	1026.0	1022.5	1034.0	1033.5	862.0	984.5	976.5	1011.0	938.5	1018.5	1006.5	1018.0	1018.0	1006.5	1018.0	1015.0	898.5	2145.5	2121.5	2121.5	2141.5	2133.0	2100.0	2102.5	2088.5	2136.5	2160.0	2162.0	2125.5	2169.0	2126.0	2150.0	2141.0	2134.5	2112.5	1923.5	2044.5	958.0	981.5	981.5	981.5	981.5	981.5	981.5	1019.5	1019.5	1019.5	1019.5	1019.5	1019.5	1019.5	1019.5	1019.5	1019.5	1019.5	1019.5	1019.5
KF686344.1	4789.0	4323.0	4305.0	4843.0	4843.0	4766.0	4750.0	4750.0	4775.0	5000.0	4750.0	4750.0	4708.0	4305.0	4314.0	4816.0	4314.0	4305.0	4314.0	4816.0	1104.0	1103.0	1101.0	1101.0	1096.0	1108.0	1108.0	1090.0	1087.0	1103.0	1106.0	1113.0	1113.0	1113.0	1113.0	1108.0	1108.0	1108.0	1110.0	1107.0	921.5	986.0	986.0	994.0	963.0	960.0	952.0	960.0	975.0	975.0	908.0	908.0	908.0	954.5	908.0	968.5	986.0	962.5	986.0	963.0	964.5	964.5	963.5	978.5	972.5	938.0	930.5	976.5	969.0	976.5	985.0	985.0	969.5	937.0	972.0	991.5	993.0	960.0	990.0	968.5	959.0	979.5	1007.5	1011.0	995.0	1005.5	1005.0	870.5	984.5	987.5	1015.0	938.0	1009.5	982.5	1010.0	1010.0	982.5	1010.0	991.0	907.5	2139.5	2115.5	2115.5	2130.0	2127.5	2077.5	2075.5	2068.5	2112.5	2154.0	2156.5	2122.0	2163.0	2103.5	2144.5	2135.5	2129.0	2109.5	1909.0	2030.0	970.5	987.0	987.0	987.0	987.0	987.0	987.0	1029.0	1029.0	1029.0	1029.0	1029.0	1029.0	1029.0	1029.0	1029.0	1029.0	1029.0	1029.0	1029.0
KF686346.1	4648.0	4461.0	4443.0	4612.0	4612.0	4966.0	5000.0	5000.0	4975.0	4750.0	5000.0	5000.0	4921.0	4443.0	4452.0	4639.0	4452.0	4443.0	4452.0	4639.0	1111.0	1106.5	1110.5	1110.5	1107.5	1126.0	1126.0	1111.0	1116.5	1106.5	1112.5	1132.0	1132.0	1132.0	1132.0	1129.0	1129.0	1129.0	1129.0	1123.0	911.0	977.5	977.5	987.5	951.5	947.5	941.0	947.5	969.5	969.5	896.0	896.0	896.0	942.5	896.0	957.0	977.5	951.0	977.5	951.5	974.5	971.0	969.5	986.5	983.5	946.5	947.0	995.5	979.5	983.0	1002.5	1002.5	979.0	944.5	978.0	1008.5	1003.5	971.5	1010.5	969.0	979.0	996.5	1026.0	1031.0	1027.5	1033.5	1046.5	849.5	988.5	989.0	1006.5	932.5	1019.0	1007.5	1018.5	1018.5	1007.5	1018.5	1023.5	898.0	2139.5	2117.5	2117.5	2135.5	2127.0	2094.0	2117.0	2073.0	2130.5	2153.5	2153.5	2125.0	2162.5	2135.5	2144.0	2135.0	2128.5	2103.5	1921.0	2050.5	948.5	971.0	971.0	971.0	971.0	971.0	971.0	1004.0	1004.0	1004.0	1004.0	1004.0	1004.0	1004.0	1004.0	1004.0	1004.0	1004.0	1004.0	1004.0
KF430201.1	4648.0	4461.0	4443.0	4612.0	4612.0	4966.0	5000.0	5000.0	4975.0	4750.0	5000.0	5000.0	4921.0	4443.0	4452.0	4639.0	4452.0	4443.0	4452.0	4639.0	1111.0	1106.5	1110.5	1110.5	1107.5	1126.0	1126.0	1111.0	1116.5	1106.5	1112.5	1132.0	1132.0	1132.0	1132.0	1129.0	1129.0	1129.0	1129.0	1123.0	911.0	977.5	977.5	987.5	951.5	947.5	941.0	947.5	969.5	969.5	896.0	896.0	896.0	942.5	896.0	957.0	977.5	951.0	977.5	951.5	974.5	971.0	969.5	986.5	983.5	946.5	947.0	995.5	979.5	983.0	1002.5	1002.5	979.0	944.5	978.0	1008.5	1003.5	971.5	1010.5	969.0	979.0	996.5	1026.0	1031.0	1027.5	1033.5	1046.5	849.5	988.5	989.0	1006.5	932.5	1019.0	1007.5	1018.5	1018.5	1007.5	1018.5	1023.5	898.0	2139.5	2117.5	2117.5	2135.5	2127.0	2094.0	2117.0	2073.0	2130.5	2153.5	2153.5	2125.0	2162.5	2135.5	2144.0	2135.0	2128.5	2103.5	1921.0	2050.5	948.5	971.0	971.0	971.0	971.0	971.0	971.0	1004.0	1004.0	1004.0	1004.0	1004.0	1004.0	1004.0	1004.0	1004.0	1004.0	1004.0	1004.0	1004.0
HM034837.1	4606.0	4437.0	4419.0	4570.0	4570.0	4906.0	4921.0	4921.0	4915.0	4708.0	4921.0	4921.0	5000.0	4419.0	4428.0	4597.0	4428.0	4419.0	4428.0	4597.0	1091.5	1121.5	1091.5	1091.5	1089.0	1095.5	1095.5	1080.5	1086.0	1121.5	1093.5	1103.5	1103.5	1103.5	1103.5	1098.5	1098.5	1098.5	1099.5	1094.5	898.0	972.0	972.0	970.0	942.5	928.5	924.0	928.5	945.0	945.0	883.5	883.5	883.5	923.5	883.5	948.0	972.0	942.0	972.0	942.5	985.0	983.0	988.5	985.5	985.0	960.5	970.5	994.0	985.0	985.5	990.5	990.5	988.5	958.5	994.0	1011.0	1006.5	979.0	1006.5	982.0	987.0	999.0	1028.5	1037.5	1027.5	1031.5	1031.5	867.0	1001.0	996.5	1006.5	945.5	1034.5	1018.0	1034.5	1034.5	1018.0	1034.5	1018.0	913.0	2133.0	2100.0	2100.0	2120.5	2112.0	2079.0	2114.0	2063.5	2115.0	2150.5	2150.5	2127.5	2159.5	2117.5	2129.0	2120.0	2113.5	2111.5	1917.0	2053.5	943.5	970.5	970.5	970.5	970.5	970.5	970.5	995.0	995.0	995.0	995.0	995.0	995.0	995.0	995.0	995.0	995.0	995.0	995.0	995.0
AY884001.1	4462.0	4964.0	5000.0	4462.0	4462.0	4440.0	4443.0	4443.0	4449.0	4305.0	4443.0	4443.0	4419.0	5000.0	4973.0	4489.0	4973.0	4964.0	4973.0	4453.0	1075.5	1084.5	1091.5	1091.5	1087.0	1091.5	1091.5	1076.5	1083.0	1084.5	1087.0	1097.5	1097.5	1097.5	1097.5	1094.5	1094.5	1094.5	1088.5	1088.5	929.0	954.0	954.0	962.0	954.5	941.5	956.0	941.5	969.0	969.0	921.0	921.0	921.0	942.5	921.0	963.0	954.0	945.5	954.0	954.5	966.0	954.5	955.0	985.5	999.5	950.5	967.0	980.5	981.0	983.5	998.0	998.0	978.5	958.0	971.5	970.5	962.0	962.5	983.0	972.5	967.0	987.0	1021.0	1048.5	1038.5	1048.5	1041.5	872.5	1003.0	957.5	1034.0	939.0	1040.5	1029.5	1031.0	1031.0	1029.5	1031.0	1019.5	914.5	2116.5	2126.0	2126.0	2135.0	2147.5	2106.5	2006.5	1941.0	2141.0	2086.0	2077.0	2016.5	2088.5	2027.0	2118.0	2140.0	2138.5	1987.0	1759.0	1855.5	936.5	995.5	995.5	995.5	995.5	995.5	995.5	976.5	976.5	976.5	976.5	976.5	976.5	976.5	976.5	976.5	976.5	976.5	976.5	976.5
DQ339101.1	4471.0	4955.0	4973.0	4471.0	4471.0	4449.0	4452.0	4452.0	4458.0	4314.0	4452.0	4452.0	4428.0	4973.0	5000.0	4498.0	5000.0	4991.0	5000.0	4462.0	1068.0	1081.5	1082.5	1082.5	1078.0	1082.5	1082.5	1067.5	1074.0	1081.5	1078.0	1088.5	1088.5	1088.5	1088.5	1085.5	1085.5	1085.5	1079.5	1079.5	917.5	951.0	951.0	959.0	944.5	932.5	945.5	932.5	960.0	960.0	909.5	909.5	909.5	932.5	909.5	953.0	951.0	936.5	951.0	944.5	975.0	963.5	964.0	994.5	1008.5	962.0	978.0	989.5	990.0	992.5	1005.0	1005.0	987.5	969.5	980.5	973.5	971.5	972.0	992.5	981.5	981.0	1000.0	1034.0	1061.5	1051.5	1061.5	1054.5	888.0	1012.0	970.0	1037.5	954.0	1053.5	1040.5	1041.5	1041.5	1040.5	1041.5	1030.5	915.0	2107.5	2117.0	2117.0	2126.0	2138.5	2097.5	1997.5	1932.0	2132.0	2077.0	2068.0	2007.5	2079.5	2018.0	2109.0	2131.0	2129.5	1978.0	1750.0	1846.5	944.0	1003.0	1003.0	1003.0	1003.0	1003.0	1003.0	982.5	982.5	982.5	982.5	982.5	982.5	982.5	982.5	982.5	982.5	982.5	982.5	982.5
DQ415896.1	4955.0	4507.0	4489.0	4973.0	4973.0	4636.0	4639.0	4639.0	4645.0	4816.0	4639.0	4639.0	4597.0	4489.0	4498.0	5000.0	4498.0	4489.0	4498.0	4946.0	1070.0	1079.0	1085.0	1085.0	1080.5	1087.5	1087.5	1069.5	1069.0	1079.0	1090.0	1091.0	1091.0	1091.0	1091.0	1087.5	1087.5	1087.5	1089.5	1085.0	958.0	978.0	978.0	980.5	982.5	986.0	993.0	986.0	1013.5	1013.5	950.0	950.0	950.0	970.5	950.0	991.0	978.0	990.0	978.0	982.5	983.0	976.0	972.0	984.0	1001.0	951.0	962.5	997.5	982.5	985.0	999.0	999.0	995.0	953.5	988.5	995.5	973.5	961.5	985.5	979.5	940.0	958.5	996.0	1024.5	1008.5	1026.0	1019.0	868.5	999.0	973.0	1012.5	931.0	1023.0	1004.5	1016.5	1016.5	1004.5	1016.5	994.5	922.0	2219.5	2229.0	2229.0	2231.5	2250.5	2207.0	2100.0	2042.0	2226.0	2189.0	2180.0	2119.5	2191.5	2127.5	2236.5	2258.5	2252.0	2101.5	1890.5	1995.5	1002.5	1045.0	1045.0	1045.0	1045.0	1045.0	1045.0	1024.5	1024.5	1024.5	1024.5	1024.5	1024.5	1024.5	1024.5	1024.5	1024.5	1024.5	1024.5	1024.5
DQ415897.1	4471.0	4955.0	4973.0	4471.0	4471.0	4449.0	4452.0	4452.0	4458.0	4314.0	4452.0	4452.0	4428.0	4973.0	5000.0	4498.0	5000.0	4991.0	5000.0	4462.0	1068.0	1081.5	1082.5	1082.5	1078.0	1082.5	1082.5	1067.5	1074.0	1081.5	1078.0	1088.5	1088.5	1088.5	1088.5	1085.5	1085.5	1085.5	1079.5	1079.5	917.5	951.0	951.0	959.0	944.5	932.5	945.5	932.5	960.0	960.0	909.5	909.5	909.5	932.5	909.5	953.0	951.0	936.5	951.0	944.5	975.0	963.5	964.0	994.5	1008.5	962.0	978.0	989.5	990.0	992.5	1005.0	1005.0	987.5	969.5	980.5	973.5	971.5	972.0	992.5	981.5	981.0	1000.0	1034.0	1061.5	1051.5	1061.5	1054.5	888.0	1012.0	970.0	1037.5	954.0	1053.5	1040.5	1041.5	1041.5	1040.5	1041.5	1030.5	915.0	2107.5	2117.0	2117.0	2126.0	2138.5	2097.5	1997.5	1932.0	2132.0	2077.0	2068.0	2007.5	2079.5	2018.0	2109.0	2131.0	2129.5	1978.0	1750.0	1846.5	944.0	1003.0	1003.0	1003.0	1003.0	1003.0	1003.0	982.5	982.5	982.5	982.5	982.5	982.5	982.5	982.5	982.5	982.5	982.5	982.5	982.5
DQ415898.1	4462.0	4946.0	4964.0	4462.0	4462.0	4440.0	4443.0	4443.0	4449.0	4305.0	4443.0	4443.0	4419.0	4964.0	4991.0	4489.0	4991.0	5000.0	4991.0	4453.0	1077.0	1090.5	1091.5	1091.5	1087.0	1091.5	1091.5	1076.5	1083.0	1090.5	1087.0	1097.5	1097.5	1097.5	1097.5	1094.5	1094.5	1094.5	1088.5	1088.5	918.0	951.5	951.5	959.5	945.0	933.0	946.0	933.0	960.5	960.5	910.0	910.0	910.0	933.0	910.0	953.5	951.5	937.0	951.5	945.0	978.5	959.0	967.5	994.5	1008.5	964.0	978.0	993.0	990.0	992.5	1005.0	1005.0	991.0	969.5	984.0	968.5	971.5	972.0	992.5	981.5	974.5	991.5	1027.5	1055.0	1045.0	1055.0	1048.0	888.0	1005.5	970.0	1029.0	954.0	1047.0	1034.0	1035.0	1035.0	1034.0	1035.0	1024.0	915.5	2098.5	2108.0	2108.0	2117.0	2129.5	2088.5	1988.5	1941.0	2123.0	2068.0	2059.0	1998.5	2070.5	2009.0	2100.0	2122.0	2120.5	1969.0	1741.0	1837.5	945.0	1004.0	1004.0	1004.0	1004.0	1004.0	1004.0	983.5	983.5	983.5	983.5	983.5	983.5	983.5	983.5	983.5	983.5	983.5	983.5	983.5
DQ415899.1	4471.0	4955.0	4973.0	4471.0	4471.0	4449.0	4452.0	4452.0	4458.0	4314.0	4452.0	4452.0	4428.0	4973.0	5000.0	4498.0	5000.0	4991.0	5000.0	4462.0	1068.0	1081.5	1082.5	1082.5	1078.0	1082.5	1082.5	1067.5	1074.0	1081.5	1078.0	1088.5	1088.5	1088.5	1088.5	1085.5	1085.5	1085.5	1079.5	1079.5	917.5	951.0	951.0	959.0	944.5	932.5	945.5	932.5	960.0	960.0	909.5	909.5	909.5	932.5	909.5	953.0	951.0	936.5	951.0	944.5	975.0	963.5	964.0	994.5	1008.5	962.0	978.0	989.5	990.0	992.5	1005.0	1005.0	987.5	969.5	980.5	973.5	971.5	972.0	992.5	981.5	981.0	1000.0	1034.0	1061.5	1051.5	1061.5	1054.5	888.0	1012.0	970.0	1037.5	954.0	1053.5	1040.5	1041.5	1041.5	1040.5	1041.5	1030.5	915.0	2107.5	2117.0	2117.0	2126.0	2138.5	2097.5	1997.5	1932.0	2132.0	2077.0	2068.0	2007.5	2079.5	2018.0	2109.0	2131.0	2129.5	1978.0	1750.0	1846.5	944.0	1003.0	1003.0	1003.0	1003.0	1003.0	1003.0	982.5	982.5	982.5	982.5	982.5	982.5	982.5	982.5	982.5	982.5	982.5	982.5	982.5
DQ415900.1	4973.0	4471.0	4453.0	4973.0	4973.0	4636.0	4639.0	4639.0	4645.0	4816.0	4639.0	4639.0	4597.0	4453.0	4462.0	4946.0	4462.0	4453.0	4462.0	5000.0	1061.0	1070.0	1076.0	1076.0	1071.5	1078.5	1078.5	1060.5	1057.5	1070.0	1081.0	1082.0	1082.0	1082.0	1082.0	1078.5	1078.5	1078.5	1080.5	1076.0	958.5	983.5	983.5	986.0	988.0	991.5	996.5	991.5	1019.0	1019.0	950.5	950.5	950.5	976.0	950.5	996.5	983.5	995.5	983.5	988.0	974.5	968.0	963.5	975.5	992.5	948.0	956.0	989.0	974.0	976.5	995.5	995.5	988.0	947.0	980.0	1001.5	965.0	953.0	977.0	971.0	926.0	944.0	982.0	1011.0	993.0	1006.0	999.0	867.0	979.5	972.0	1002.5	927.5	1010.0	977.5	1001.0	1001.0	977.5	1001.0	967.5	919.5	2205.5	2215.0	2215.0	2217.5	2236.5	2186.5	2079.5	2021.5	2212.0	2175.0	2166.0	2105.5	2177.5	2107.0	2222.5	2244.5	2238.0	2087.5	1876.5	1981.5	1002.0	1047.5	1047.5	1047.5	1047.5	1047.5	1047.5	1027.0	1027.0	1027.0	1027.0	1027.0	1027.0	1027.0	1027.0	1027.0	1027.0	1027.0	1027.0	1027.0
NC_019843.3	1070.0	1078.0	1075.5	1063.5	1063.5	1119.0	1111.0	1111.0	1117.0	1104.0	1111.0	1111.0	1091.5	1075.5	1068.0	1070.0	1068.0	1077.0	1068.0	1061.0	5000.0	4897.0	4914.5	4914.5	4896.5	4921.0	4921.0	4903.0	4840.0	4897.0	4896.5	4948.0	4948.0	4948.0	4948.0	4930.0	4930.0	4930.0	4921.0	4948.0	1367.5	1316.0	1316.0	1328.5	1382.5	1385.0	1364.5	1385.0	1388.5	1388.5	1347.0	1347.0	1347.0	1385.0	1347.0	1391.5	1316.0	1373.5	1316.0	1382.5	1037.5	1067.0	1050.5	993.5	987.5	1023.5	1003.5	1023.5	999.5	1000.5	996.5	996.5	1037.0	1029.0	1035.5	984.0	966.0	957.0	973.0	1056.0	869.5	863.5	890.0	884.5	884.0	893.0	896.0	813.5	879.5	771.0	892.0	757.5	894.0	907.0	879.0	879.0	907.0	879.0	907.0	798.0	1126.5	1141.5	1141.5	1111.5	1130.0	1160.0	1108.5	1104.5	1123.0	1112.0	1104.0	1111.0	1116.5	1125.0	1138.0	1138.5	1129.5	1076.5	925.0	957.0	1357.0	1362.5	1362.5	1362.5	1362.5	1362.5	1362.5	1376.5	1376.5	1376.5	1376.5	1376.5	1376.5	1376.5	1376.5	1376.5	1376.5	1376.5	1376.5	1376.5
MT387202.1	1079.0	1087.0	1084.5	1072.5	1072.5	1118.0	1106.5	1106.5	1116.0	1103.0	1106.5	1106.5	1121.5	1084.5	1081.5	1079.0	1081.5	1090.5	1081.5	1070.0	4897.0	5000.0	4866.5	4866.5	4848.5	4869.5	4869.5	4851.5	4788.5	5000.0	4848.5	4896.5	4896.5	4896.5	4896.5	4878.5	4878.5	4878.5	4869.5	4896.5	1316.0	1342.5	1342.5	1348.5	1385.0	1386.5	1371.5	1386.5	1388.5	1388.5	1287.0	1287.0	1287.0	1383.0	1287.0	1394.0	1342.5	1379.5	1342.5	1385.0	1018.5	1015.5	1008.0	1013.0	1007.5	957.5	959.0	1010.0	1025.5	1019.5	1005.0	1005.0	1011.5	963.0	1010.0	987.0	970.0	948.0	974.0	1025.5	880.0	881.0	885.0	887.5	887.0	894.5	896.5	773.5	878.0	799.0	897.0	775.5	895.0	897.5	882.5	882.5	897.5	882.5	910.0	819.0	1152.5	1147.5	1147.5	1135.0	1152.5	1189.5	1157.0	1158.5	1157.0	1150.0	1145.0	1143.0	1151.5	1172.5	1161.0	1161.0	1152.0	1131.0	934.0	970.0	1277.0	1346.5	1346.5	1346.5	1346.5	1346.5	1346.5	1361.0	1361.0	1361.0	1361.0	1361.0	1361.0	1361.0	1361.0	1361.0	1361.0	1361.0	1361.0	1361.0
MN723542.1	1085.0	1094.0	1091.5	1078.5	1078.5	1117.0	1110.5	1110.5	1117.0	1101.0	1110.5	1110.5	1091.5	1091.5	1082.5	1085.0	1082.5	1091.5	1082.5	1076.0	4914.5	4866.5	5000.0	5000.0	4982.0	4924.0	4924.0	4906.0	4843.0	4866.5	4964.0	4951.0	4951.0	4951.0	4951.0	4933.0	4933.0	4933.0	4924.0	4933.0	1397.0	1306.5	1306.5	1316.5	1370.0	1389.5	1365.0	1389.5	1379.5	1379.5	1373.0	1373.0	1373.0	1386.0	1373.0	1379.0	1306.5	1364.5	1306.5	1370.0	1030.0	1089.0	1081.5	997.5	979.5	1051.5	1041.0	1010.5	991.0	994.0	986.0	986.0	1038.5	1057.0	1037.0	973.0	963.5	948.5	972.5	1087.0	859.0	860.0	875.0	874.0	873.5	878.0	881.0	838.0	863.0	761.5	877.5	763.5	877.0	884.0	868.5	868.5	884.0	868.5	884.5	792.0	1130.0	1130.0	1130.0	1115.0	1124.0	1167.0	1117.5	1119.5	1127.0	1118.5	1119.0	1119.5	1119.0	1137.0	1138.5	1132.5	1123.5	1091.5	917.5	952.0	1368.0	1345.0	1345.0	1345.0	1345.0	1345.0	1345.0	1360.5	1360.5	1360.5	1360.5	1360.5	1360.5	1360.5	1360.5	1360.5	1360.5	1360.5	1360.5	1360.5
MN723543.1	1085.0	1094.0	1091.5	1078.5	1078.5	1117.0	1110.5	1110.5	1117.0	1101.0	1110.5	1110.5	1091.5	1091.5	1082.5	1085.0	1082.5	1091.5	1082.5	1076.0	4914.5	4866.5	5000.0	5000.0	4982.0	4924.0	4924.0	4906.0	4843.0	4866.5	4964.0	4951.0	4951.0	4951.0	4951.0	4933.0	4933.0	4933.0	4924.0	4933.0	1397.0	1306.5	1306.5	1316.5	1370.0	1389.5	1365.0	1389.5	1379.5	1379.5	1373.0	1373.0	1373.0	1386.0	1373.0	1379.0	1306.5	1364.5	1306.5	1370.0	1030.0	1089.0	1081.5	997.5	979.5	1051.5	1041.0	1010.5	991.0	994.0	986.0	986.0	1038.5	1057.0	1037.0	973.0	963.5	948.5	972.5	1087.0	859.0	860.0	875.0	874.0	873.5	878.0	881.0	838.0	863.0	761.5	877.5	763.5	877.0	884.0	868.5	868.5	884.0	868.5	884.5	792.0	1130.0	1130.0	1130.0	1115.0	1124.0	1167.0	1117.5	1119.5	1127.0	1118.5	1119.0	1119.5	1119.0	1137.0	1138.5	1132.5	1123.5	1091.5	917.5	952.0	1368.0	1345.0	1345.0	1345.0	1345.0	1345.0	1345.0	1360.5	1360.5	1360.5	1360.5	1360.5	1360.5	1360.5	1360.5	1360.5	1360.5	1360.5	1360.5	1360.5
MN723544.1	1080.5	1089.5	1087.0	1074.0	1074.0	1114.0	1107.5	1107.5	1114.0	1096.0	1107.5	1107.5	1089.0	1087.0	1078.0	1080.5	1078.0	1087.0	1078.0	1071.5	4896.5	4848.5	4982.0	4982.0	5000.0	4942.0	4942.0	4924.0	4861.0	4848.5	4946.0	4933.0	4933.0	4933.0	4933.0	4951.0	4951.0	4951.0	4942.0	4915.0	1391.0	1309.0	1309.0	1319.0	1370.0	1389.5	1350.0	1389.5	1379.5	1379.5	1367.0	1367.0	1367.0	1386.0	1367.0	1379.0	1309.0	1364.5	1309.0	1370.0	1029.5	1088.5	1081.0	997.0	981.5	1052.0	1041.0	1010.0	990.5	996.0	981.5	981.5	1040.0	1057.5	1036.5	969.5	964.5	945.0	969.0	1086.5	864.0	865.0	880.5	879.5	879.0	883.5	886.5	838.0	867.0	765.0	883.0	755.5	882.5	889.5	874.0	874.0	889.5	874.0	890.0	787.0	1124.0	1124.5	1124.5	1106.5	1115.0	1158.0	1124.5	1118.5	1118.0	1121.0	1121.5	1126.5	1121.5	1139.5	1129.5	1123.5	1114.5	1093.5	899.5	950.0	1357.5	1343.0	1343.0	1343.0	1343.0	1343.0	1343.0	1358.0	1358.0	1358.0	1358.0	1358.0	1358.0	1358.0	1358.0	1358.0	1358.0	1358.0	1358.0	1358.0
MN365232.1	1087.5	1094.0	1091.5	1081.0	1081.0	1123.0	1126.0	1126.0	1123.0	1108.0	1126.0	1126.0	1095.5	1091.5	1082.5	1087.5	1082.5	1091.5	1082.5	1078.5	4921.0	4869.5	4924.0	4924.0	4942.0	5000.0	5000.0	4964.0	4901.0	4869.5	4888.0	4973.0	4973.0	4973.0	4973.0	4991.0	4991.0	4991.0	4982.0	4955.0	1360.0	1318.0	1318.0	1327.0	1385.0	1380.0	1349.5	1380.0	1385.0	1385.0	1337.0	1337.0	1337.0	1376.5	1337.0	1394.0	1318.0	1379.5	1318.0	1385.0	1034.0	1063.0	1046.0	988.5	991.0	1025.5	1004.5	1022.0	995.0	993.0	994.0	994.0	1034.5	1025.5	1031.0	978.0	960.0	940.0	969.0	1052.0	853.5	854.5	879.0	893.5	893.0	886.5	898.5	796.0	865.0	777.0	885.5	757.5	896.5	899.5	888.0	888.0	899.5	888.0	899.5	792.0	1123.5	1147.0	1147.0	1109.0	1126.0	1154.5	1128.0	1103.0	1119.5	1120.5	1121.0	1123.0	1127.0	1134.0	1134.5	1134.5	1125.5	1101.5	909.5	963.5	1339.0	1336.5	1336.5	1336.5	1336.5	1336.5	1336.5	1360.5	1360.5	1360.5	1360.5	1360.5	1360.5	1360.5	1360.5	1360.5	1360.5	1360.5	1360.5	1360.5
MN365233.1	1087.5	1094.0	1091.5	1081.0	1081.0	1123.0	1126.0	1126.0	1123.0	1108.0	1126.0	1126.0	1095.5	1091.5	1082.5	1087.5	1082.5	1091.5	1082.5	1078.5	4921.0	4869.5	4924.0	4924.0	4942.0	5000.0	5000.0	4964.0	4901.0	4869.5	4888.0	4973.0	4973.0	4973.0	4973.0	4991.0	4991.0	4991.0	4982.0	4955.0	1360.0	1318.0	1318.0	1327.0	1385.0	1380.0	1349.5	1380.0	1385.0	1385.0	1337.0	1337.0	1337.0	1376.5	1337.0	1394.0	1318.0	1379.5	1318.0	1385.0	1034.0	1063.0	1046.0	988.5	991.0	1025.5	1004.5	1022.0	995.0	993.0	994.0	994.0	1034.5	1025.5	1031.0	978.0	960.0	940.0	969.0	1052.0	853.5	854.5	879.0	893.5	893.0	886.5	898.5	796.0	865.0	777.0	885.5	757.5	896.5	899.5	888.0	888.0	899.5	888.0	899.5	792.0	1123.5	1147.0	1147.0	1109.0	1126.0	1154.5	1128.0	1103.0	1119.5	1120.5	1121.0	1123.0	1127.0	1134.0	1134.5	1134.5	1125.5	1101.5	909.5	963.5	1339.0	1336.5	1336.5	1336.5	1336.5	1336.5	1336.5	1360.5	1360.5	1360.5	1360.5	1360.5	1360.5	1360.5	1360.5	1360.5	1360.5	1360.5	1360.5	1360.5
MN120513.1	1069.5	1079.0	1076.5	1063.0	1063.0	1108.0	1111.0	1111.0	1108.0	1090.0	1111.0	1111.0	1080.5	1076.5	1067.5	1069.5	1067.5	1076.5	1067.5	1060.5	4903.0	4851.5	4906.0	4906.0	4924.0	4964.0	4964.0	5000.0	4937.0	4851.5	4870.0	4955.0	4955.0	4955.0	4955.0	4973.0	4973.0	4973.0	4964.0	4937.0	1338.0	1296.0	1296.0	1305.0	1363.0	1358.0	1327.5	1358.0	1363.0	1363.0	1315.0	1315.0	1315.0	1354.5	1315.0	1372.0	1296.0	1357.5	1296.0	1363.0	1036.0	1065.0	1048.0	990.5	993.0	1022.0	1009.5	1024.0	997.0	995.0	996.0	996.0	1036.5	1027.5	1033.0	988.5	964.0	953.5	974.0	1054.0	859.0	858.5	883.0	886.0	885.5	892.5	904.5	805.0	871.0	770.5	891.0	755.5	894.5	903.5	886.0	886.0	903.5	886.0	903.5	798.5	1109.5	1133.0	1133.0	1094.5	1112.0	1157.5	1131.0	1106.0	1105.5	1106.5	1107.0	1109.0	1113.0	1137.0	1120.5	1120.5	1111.5	1087.5	897.5	953.0	1314.5	1312.0	1312.0	1312.0	1312.0	1312.0	1312.0	1336.0	1336.0	1336.0	1336.0	1336.0	1336.0	1336.0	1336.0	1336.0	1336.0	1336.0	1336.0	1336.0
MN120514.1	1067.0	1085.5	1083.0	1060.0	1060.0	1113.5	1116.5	1116.5	1113.5	1087.0	1116.5	1116.5	1086.0	1083.0	1074.0	1069.0	1074.0	1083.0	1074.0	1057.5	4840.0	4788.5	4843.0	4843.0	4861.0	4901.0	4901.0	4937.0	5000.0	4788.5	4807.0	4892.0	4892.0	4892.0	4892.0	4910.0	4910.0	4910.0	4901.0	4874.0	1331.0	1289.0	1289.0	1298.0	1356.0	1351.0	1320.5	1351.0	1356.0	1356.0	1308.0	1308.0	1308.0	1347.5	1308.0	1365.0	1289.0	1350.5	1289.0	1356.0	1031.5	1060.5	1043.5	986.0	988.5	1016.5	1004.5	1019.5	992.5	990.5	991.0	991.0	1032.0	1023.0	1028.5	975.0	960.0	940.0	969.0	1049.5	846.0	848.5	870.0	869.5	869.0	879.5	891.5	784.5	858.0	759.0	881.0	742.0	873.0	890.0	864.5	864.5	890.0	864.5	890.0	797.5	1108.0	1131.5	1131.5	1092.5	1110.5	1151.0	1121.5	1096.5	1104.0	1105.0	1105.5	1107.5	1111.5	1130.5	1119.0	1119.0	1110.0	1086.0	904.5	951.5	1326.5	1324.0	1324.0	1324.0	1324.0	1324.0	1324.0	1348.0	1348.0	1348.0	1348.0	1348.0	1348.0	1348.0	1348.0	1348.0	1348.0	1348.0	1348.0	1348.0
MK796425.1	1079.0	1087.0	1084.5	1072.5	1072.5	1118.0	1106.5	1106.5	1116.0	1103.0	1106.5	1106.5	1121.5	1084.5	1081.5	1079.0	1081.5	1090.5	1081.5	1070.0	4897.0	5000.0	4866.5	4866.5	4848.5	4869.5	4869.5	4851.5	4788.5	5000.0	4848.5	4896.5	4896.5	4896.5	4896.5	4878.5	4878.5	4878.5	4869.5	4896.5	1316.0	1342.5	1342.5	1348.5	1385.0	1386.5	1371.5	1386.5	1388.5	1388.5	1287.0	1287.0	1287.0	1383.0	1287.0	1394.0	1342.5	1379.5	1342.5	1385.0	1018.5	1015.5	1008.0	1013.0	1007.5	957.5	959.0	1010.0	1025.5	1019.5	1005.0	1005.0	1011.5	963.0	1010.0	987.0	970.0	948.0	974.0	1025.5	880.0	881.0	885.0	887.5	887.0	894.5	896.5	773.5	878.0	799.0	897.0	775.5	895.0	897.5	882.5	882.5	897.5	882.5	910.0	819.0	1152.5	1147.5	1147.5	1135.0	1152.5	1189.5	1157.0	1158.5	1157.0	1150.0	1145.0	1143.0	1151.5	1172.5	1161.0	1161.0	1152.0	1131.0	934.0	970.0	1277.0	1346.5	1346.5	1346.5	1346.5	1346.5	1346.5	1361.0	1361.0	1361.0	1361.0	1361.0	1361.0	1361.0	1361.0	1361.0	1361.0	1361.0	1361.0	1361.0
MH029552.1	1090.0	1089.5	1087.0	1083.5	1083.5	1121.0	1112.5	1112.5	1119.0	1106.0	1112.5	1112.5	1093.5	1087.0	1078.0	1090.0	1078.0	1087.0	1078.0	1081.0	4896.5	4848.5	4964.0	4964.0	4946.0	4888.0	4888.0	4870.0	4807.0	4848.5	5000.0	4915.0	4915.0	4915.0	4915.0	4897.0	4897.0	4897.0	4888.0	4915.0	1398.0	1309.0	1309.0	1318.5	1377.0	1396.5	1372.0	1396.5	1386.5	1386.5	1374.0	1374.0	1374.0	1393.0	1374.0	1386.0	1309.0	1371.5	1309.0	1377.0	1036.0	1095.0	1087.5	1003.5	985.5	1057.5	1047.0	1016.5	997.0	1000.0	992.0	992.0	1044.5	1063.0	1043.0	979.0	969.5	954.5	978.5	1093.0	852.5	860.0	875.0	874.0	873.5	872.5	875.5	819.0	857.5	752.0	877.5	745.5	879.0	877.5	867.0	867.0	877.5	867.0	878.0	777.0	1128.0	1128.0	1128.0	1112.5	1122.0	1167.5	1118.0	1120.0	1125.0	1116.5	1117.0	1117.5	1117.0	1137.5	1135.5	1129.5	1120.5	1088.5	915.0	949.0	1374.0	1355.0	1355.0	1355.0	1355.0	1355.0	1355.0	1370.5	1370.5	1370.5	1370.5	1370.5	1370.5	1370.5	1370.5	1370.5	1370.5	1370.5	1370.5	1370.5
MK462243.1	1091.0	1100.0	1097.5	1084.5	1084.5	1129.0	1132.0	1132.0	1129.0	1113.0	1132.0	1132.0	1103.5	1097.5	1088.5	1091.0	1088.5	1097.5	1088.5	1082.0	4948.0	4896.5	4951.0	4951.0	4933.0	4973.0	4973.0	4955.0	4892.0	4896.5	4915.0	5000.0	5000.0	5000.0	5000.0	4982.0	4982.0	4982.0	4973.0	4982.0	1366.0	1318.0	1318.0	1327.0	1385.0	1380.0	1364.0	1380.0	1385.0	1385.0	1343.0	1343.0	1343.0	1376.5	1343.0	1394.0	1318.0	1379.5	1318.0	1385.0	1035.5	1065.0	1047.5	991.0	991.0	1021.5	1009.5	1023.5	996.5	992.0	996.5	996.5	1034.0	1027.0	1032.5	981.5	963.0	948.5	973.0	1053.5	857.0	858.0	882.5	885.5	885.0	890.0	902.0	805.0	870.0	773.5	889.0	763.5	888.5	896.0	880.0	880.0	896.0	880.0	896.0	803.5	1132.5	1156.5	1156.5	1118.0	1135.5	1172.0	1129.5	1110.5	1129.0	1126.5	1119.0	1116.5	1127.5	1146.0	1144.0	1144.0	1135.0	1095.0	917.5	966.0	1344.0	1336.0	1336.0	1336.0	1336.0	1336.0	1336.0	1360.5	1360.5	1360.5	1360.5	1360.5	1360.5	1360.5	1360.5	1360.5	1360.5	1360.5	1360.5	1360.5
MK462244.1	1091.0	1100.0	1097.5	1084.5	1084.5	1129.0	1132.0	1132.0	1129.0	1113.0	1132.0	1132.0	1103.5	1097.5	1088.5	1091.0	1088.5	1097.5	1088.5	1082.0	4948.0	4896.5	4951.0	4951.0	4933.0	4973.0	4973.0	4955.0	4892.0	4896.5	4915.0	5000.0	5000.0	5000.0	5000.0	4982.0	4982.0	4982.0	4973.0	4982.0	1366.0	1318.0	1318.0	1327.0	1385.0	1380.0	1364.0	1380.0	1385.0	1385.0	1343.0	1343.0	1343.0	1376.5	1343.0	1394.0	1318.0	1379.5	1318.0	1385.0	1035.5	1065.0	1047.5	991.0	991.0	1021.5	1009.5	1023.5	996.5	992.0	996.5	996.5	1034.0	1027.0	1032.5	981.5	963.0	948.5	973.0	1053.5	857.0	858.0	882.5	885.5	885.0	890.0	902.0	805.0	870.0	773.5	889.0	763.5	888.5	896.0	880.0	880.0	896.0	880.0	896.0	803.5	1132.5	1156.5	1156.5	1118.0	1135.5	1172.0	1129.5	1110.5	1129.0	1126.5	1119.0	1116.5	1127.5	1146.0	1144.0	1144.0	1135.0	1095.0	917.5	966.0	1344.0	1336.0	1336.0	1336.0	1336.0	1336.0	1336.0	1360.5	1360.5	1360.5	1360.5	1360.5	1360.5	1360.5	1360.5	1360.5	1360.5	1360.5	1360.5	1360.5
MK462245.1	1091.0	1100.0	1097.5	1084.5	1084.5	1129.0	1132.0	1132.0	1129.0	1113.0	1132.0	1132.0	1103.5	1097.5	1088.5	1091.0	1088.5	1097.5	1088.5	1082.0	4948.0	4896.5	4951.0	4951.0	4933.0	4973.0	4973.0	4955.0	4892.0	4896.5	4915.0	5000.0	5000.0	5000.0	5000.0	4982.0	4982.0	4982.0	4973.0	4982.0	1366.0	1318.0	1318.0	1327.0	1385.0	1380.0	1364.0	1380.0	1385.0	1385.0	1343.0	1343.0	1343.0	1376.5	1343.0	1394.0	1318.0	1379.5	1318.0	1385.0	1035.5	1065.0	1047.5	991.0	991.0	1021.5	1009.5	1023.5	996.5	992.0	996.5	996.5	1034.0	1027.0	1032.5	981.5	963.0	948.5	973.0	1053.5	857.0	858.0	882.5	885.5	885.0	890.0	902.0	805.0	870.0	773.5	889.0	763.5	888.5	896.0	880.0	880.0	896.0	880.0	896.0	803.5	1132.5	1156.5	1156.5	1118.0	1135.5	1172.0	1129.5	1110.5	1129.0	1126.5	1119.0	1116.5	1127.5	1146.0	1144.0	1144.0	1135.0	1095.0	917.5	966.0	1344.0	1336.0	1336.0	1336.0	1336.0	1336.0	1336.0	1360.5	1360.5	1360.5	1360.5	1360.5	1360.5	1360.5	1360.5	1360.5	1360.5	1360.5	1360.5	1360.5
MK462246.1	1091.0	1100.0	1097.5	1084.5	1084.5	1129.0	1132.0	1132.0	1129.0	1113.0	1132.0	1132.0	1103.5	1097.5	1088.5	1091.0	1088.5	1097.5	1088.5	1082.0	4948.0	4896.5	4951.0	4951.0	4933.0	4973.0	4973.0	4955.0	4892.0	4896.5	4915.0	5000.0	5000.0	5000.0	5000.0	4982.0	4982.0	4982.0	4973.0	4982.0	1366.0	1318.0	1318.0	1327.0	1385.0	1380.0	1364.0	1380.0	1385.0	1385.0	1343.0	1343.0	1343.0	1376.5	1343.0	1394.0	1318.0	1379.5	1318.0	1385.0	1035.5	1065.0	1047.5	991.0	991.0	1021.5	1009.5	1023.5	996.5	992.0	996.5	996.5	1034.0	1027.0	1032.5	981.5	963.0	948.5	973.0	1053.5	857.0	858.0	882.5	885.5	885.0	890.0	902.0	805.0	870.0	773.5	889.0	763.5	888.5	896.0	880.0	880.0	896.0	880.0	896.0	803.5	1132.5	1156.5	1156.5	1118.0	1135.5	1172.0	1129.5	1110.5	1129.0	1126.5	1119.0	1116.5	1127.5	1146.0	1144.0	1144.0	1135.0	1095.0	917.5	966.0	1344.0	1336.0	1336.0	1336.0	1336.0	1336.0	1336.0	1360.5	1360.5	1360.5	1360.5	1360.5	1360.5	1360.5	1360.5	1360.5	1360.5	1360.5	1360.5	1360.5
MK462247.1	1087.5	1097.0	1094.5	1081.0	1081.0	1126.0	1129.0	1129.0	1126.0	1108.0	1129.0	1129.0	1098.5	1094.5	1085.5	1087.5	1085.5	1094.5	1085.5	1078.5	4930.0	4878.5	4933.0	4933.0	4951.0	4991.0	4991.0	4973.0	4910.0	4878.5	4897.0	4982.0	4982.0	4982.0	4982.0	5000.0	5000.0	5000.0	4991.0	4964.0	1360.0	1318.0	1318.0	1327.0	1385.0	1380.0	1349.5	1380.0	1385.0	1385.0	1337.0	1337.0	1337.0	1376.5	1337.0	1394.0	1318.0	1379.5	1318.0	1385.0	1036.0	1065.0	1048.0	990.5	993.0	1022.0	1009.5	1024.0	997.0	995.0	996.0	996.0	1036.5	1027.5	1033.0	978.0	964.0	945.0	974.0	1054.0	862.5	863.5	888.0	891.0	890.5	895.5	907.5	805.0	874.0	777.0	894.5	755.5	894.0	901.5	885.5	885.5	901.5	885.5	901.5	798.5	1124.0	1147.5	1147.5	1109.0	1126.5	1163.0	1136.5	1111.5	1120.0	1121.0	1121.5	1123.5	1127.5	1142.5	1135.0	1135.0	1126.0	1102.0	909.5	964.0	1336.5	1334.0	1334.0	1334.0	1334.0	1334.0	1334.0	1358.0	1358.0	1358.0	1358.0	1358.0	1358.0	1358.0	1358.0	1358.0	1358.0	1358.0	1358.0	1358.0
MK462248.1	1087.5	1097.0	1094.5	1081.0	1081.0	1126.0	1129.0	1129.0	1126.0	1108.0	1129.0	1129.0	1098.5	1094.5	1085.5	1087.5	1085.5	1094.5	1085.5	1078.5	4930.0	4878.5	4933.0	4933.0	4951.0	4991.0	4991.0	4973.0	4910.0	4878.5	4897.0	4982.0	4982.0	4982.0	4982.0	5000.0	5000.0	5000.0	4991.0	4964.0	1360.0	1318.0	1318.0	1327.0	1385.0	1380.0	1349.5	1380.0	1385.0	1385.0	1337.0	1337.0	1337.0	1376.5	1337.0	1394.0	1318.0	1379.5	1318.0	1385.0	1036.0	1065.0	1048.0	990.5	993.0	1022.0	1009.5	1024.0	997.0	995.0	996.0	996.0	1036.5	1027.5	1033.0	978.0	964.0	945.0	974.0	1054.0	862.5	863.5	888.0	891.0	890.5	895.5	907.5	805.0	874.0	777.0	894.5	755.5	894.0	901.5	885.5	885.5	901.5	885.5	901.5	798.5	1124.0	1147.5	1147.5	1109.0	1126.5	1163.0	1136.5	1111.5	1120.0	1121.0	1121.5	1123.5	1127.5	1142.5	1135.0	1135.0	1126.0	1102.0	909.5	964.0	1336.5	1334.0	1334.0	1334.0	1334.0	1334.0	1334.0	1358.0	1358.0	1358.0	1358.0	1358.0	1358.0	1358.0	1358.0	1358.0	1358.0	1358.0	1358.0	1358.0
MK462249.1	1087.5	1097.0	1094.5	1081.0	1081.0	1126.0	1129.0	1129.0	1126.0	1108.0	1129.0	1129.0	1098.5	1094.5	1085.5	1087.5	1085.5	1094.5	1085.5	1078.5	4930.0	4878.5	4933.0	4933.0	4951.0	4991.0	4991.0	4973.0	4910.0	4878.5	4897.0	4982.0	4982.0	4982.0	4982.0	5000.0	5000.0	5000.0	4991.0	4964.0	1360.0	1318.0	1318.0	1327.0	1385.0	1380.0	1349.5	1380.0	1385.0	1385.0	1337.0	1337.0	1337.0	1376.5	1337.0	1394.0	1318.0	1379.5	1318.0	1385.0	1036.0	1065.0	1048.0	990.5	993.0	1022.0	1009.5	1024.0	997.0	995.0	996.0	996.0	1036.5	1027.5	1033.0	978.0	964.0	945.0	974.0	1054.0	862.5	863.5	888.0	891.0	890.5	895.5	907.5	805.0	874.0	777.0	894.5	755.5	894.0	901.5	885.5	885.5	901.5	885.5	901.5	798.5	1124.0	1147.5	1147.5	1109.0	1126.5	1163.0	1136.5	1111.5	1120.0	1121.0	1121.5	1123.5	1127.5	1142.5	1135.0	1135.0	1126.0	1102.0	909.5	964.0	1336.5	1334.0	1334.0	1334.0	1334.0	1334.0	1334.0	1358.0	1358.0	1358.0	1358.0	1358.0	1358.0	1358.0	1358.0	1358.0	1358.0	1358.0	1358.0	1358.0
MK462250.1	1089.5	1091.0	1088.5	1083.0	1083.0	1126.0	1129.0	1129.0	1126.0	1110.0	1129.0	1129.0	1099.5	1088.5	1079.5	1089.5	1079.5	1088.5	1079.5	1080.5	4921.0	4869.5	4924.0	4924.0	4942.0	4982.0	4982.0	4964.0	4901.0	4869.5	4888.0	4973.0	4973.0	4973.0	4973.0	4991.0	4991.0	4991.0	5000.0	4955.0	1362.5	1320.5	1320.5	1329.5	1387.5	1382.5	1352.0	1382.5	1387.5	1387.5	1339.5	1339.5	1339.5	1379.0	1339.5	1396.5	1320.5	1382.0	1320.5	1387.5	1027.0	1056.0	1039.0	981.5	984.0	1013.0	1000.5	1015.0	988.0	986.0	987.0	987.0	1027.5	1018.5	1024.0	973.0	955.0	936.0	965.0	1045.0	862.5	863.5	888.0	891.0	890.5	895.5	907.5	805.0	874.0	780.0	894.5	755.0	894.5	901.5	885.5	885.5	901.5	885.5	901.5	799.5	1127.0	1150.5	1150.5	1111.5	1129.5	1166.0	1139.5	1114.5	1123.0	1124.0	1124.5	1126.5	1130.5	1145.5	1138.0	1138.0	1129.0	1105.0	912.5	967.0	1339.0	1336.5	1336.5	1336.5	1336.5	1336.5	1336.5	1360.5	1360.5	1360.5	1360.5	1360.5	1360.5	1360.5	1360.5	1360.5	1360.5	1360.5	1360.5	1360.5
MK462251.1	1085.0	1091.0	1088.5	1078.5	1078.5	1122.0	1123.0	1123.0	1120.0	1107.0	1123.0	1123.0	1094.5	1088.5	1079.5	1085.0	1079.5	1088.5	1079.5	1076.0	4948.0	4896.5	4933.0	4933.0	4915.0	4955.0	4955.0	4937.0	4874.0	4896.5	4915.0	4982.0	4982.0	4982.0	4982.0	4964.0	4964.0	4964.0	4955.0	5000.0	1375.0	1327.0	1327.0	1336.0	1394.0	1389.0	1373.0	1389.0	1394.0	1394.0	1352.0	1352.0	1352.0	1385.5	1352.0	1403.0	1327.0	1388.5	1327.0	1394.0	1044.0	1073.5	1056.0	999.5	999.5	1030.0	1018.0	1032.0	1005.0	1000.5	1005.0	1005.0	1042.5	1035.5	1041.0	990.0	971.5	957.0	981.5	1062.0	850.0	851.0	876.0	880.5	878.5	883.5	895.5	787.0	863.5	768.5	882.5	754.0	884.0	889.0	872.0	872.0	889.0	872.0	889.0	794.5	1126.5	1150.5	1150.5	1111.5	1129.5	1166.0	1123.5	1104.5	1123.0	1120.5	1113.0	1110.5	1121.5	1140.0	1138.0	1138.0	1129.0	1089.0	914.5	960.0	1344.0	1336.0	1336.0	1336.0	1336.0	1336.0	1336.0	1360.5	1360.5	1360.5	1360.5	1360.5	1360.5	1360.5	1360.5	1360.5	1360.5	1360.5	1360.5	1360.5
